67    0.212 [5.60, 73.72, 70, 80.69, 1, 1875, 16.40, 40]
76    0.212 [5.53, 156.47, 70, 80.79, 1, 2380, 20.70, 30]
102   0.143 [4.53, 85.24, 70, 81.06, 2, 1835, 17.30, 40]
Avg: 0.189 Std: 0.001 Best: 0.212 Worst: 0.143

0     0.514 [6, 231, 110, 73.82, 2, 2158, 15.50, 20]
10    0.397 [7.34, 208.16, 110, 80.92, 2, 3160, 19.60, 30]
48    0.164 [7.92, 80.64, 110, 70.94, 3, 1773, 19, 30]
244   0.143 [5.10, 79.95, 110, 79.96, 2, 1835, 17.30, 40]
534   0.084 [4.20, 101.48, 110, 77.09, 2, 1985, 21.50, 40]
Avg: 0.260 Std: 0.027 Best: 0.514 Worst: 0.084

48    0.248 [6.03, 96.93, 78, 71.05, 3, 2288, 17, 30]
127   0.246 [4.20, 368.76, 78, 75.16, 2, 2220, 16.90, 30]
161   0.212 [4.85, 194.08, 78, 80.54, 1, 2380, 20.70, 30]
454   0.143 [5.10, 82.32, 78, 79.96, 2, 1835, 17.30, 40]
458   0.084 [4.10, 82.32, 78, 78.37, 2, 1985, 21.50, 40]
Avg: 0.186 Std: 0.004 Best: 0.248 Worst: 0.084

0     0.517 [6, 103.79, 105, 75, 1, 2587, 16, 20]
1     0.271 [6, 103.79, 105, 75.13, 3, 2155, 16.40, 30]
19    0.212 [4.81, 95.31, 105, 79.26, 1, 2380, 20.70, 30]
70    0.164 [5.81, 88.56, 105, 70.40, 3, 1773, 19, 30]
1288  0.084 [4.52, 102.69, 105, 77.33, 2, 1985, 21.50, 40]
Avg: 0.249 Std: 0.022 Best: 0.517 Worst: 0.084

2     0.514 [5.51, 119.97, 103, 74.44, 2, 2158, 15.50, 20]
4     0.271 [5.32, 119.97, 103, 75.44, 3, 2155, 16.40, 30]
15    0.234 [4.14, 76.15, 103, 76.81, 3, 1945, 16.80, 30]
40    0.212 [4.80, 190.18, 103, 80.62, 1, 2380, 20.70, 30]
156   0.084 [4.11, 87.79, 103, 78.32, 2, 1985, 21.50, 40]
Avg: 0.263 Std: 0.020 Best: 0.514 Worst: 0.084

0     0.655 [8, 245.26, 142, 79.14, 1, 3365, 15.50, 20]
2     0.641 [5.12, 301.24, 142, 74.70, 1, 3730, 19, 20]
7     0.514 [4.34, 433.75, 142, 72.75, 2, 2158, 15.50, 20]
13    0.478 [7.23, 146.91, 142, 72.75, 3, 2379, 16.50, 20]
15    0.271 [4.91, 146.91, 142, 75.60, 3, 2155, 16.40, 30]
17    0.212 [4.33, 146.91, 142, 79.28, 1, 2380, 20.70, 30]
150   0.143 [4.87, 81.78, 142, 79.13, 2, 1835, 17.30, 40]
1042  0.084 [4.00, 72.75, 142, 78.56, 2, 1985, 21.50, 40]
Avg: 0.375 Std: 0.044 Best: 0.655 Worst: 0.084

0     0.641 [4.61, 304, 150, 73.79, 1, 3730, 19, 20]
1     0.478 [4.61, 210.18, 150, 73.79, 3, 2379, 16.50, 20]
5     0.246 [4.61, 364.30, 150, 75.12, 2, 2220, 16.90, 30]
8     0.235 [4.61, 85.34, 150, 81.87, 3, 1995, 16.20, 40]
100   0.212 [4.07, 90.59, 150, 78.74, 1, 1875, 16.40, 40]
123   0.212 [4.22, 241.34, 150, 81.12, 1, 2380, 20.70, 30]
531   0.084 [4.57, 106.43, 150, 78.67, 2, 1985, 21.50, 40]
Avg: 0.301 Std: 0.031 Best: 0.641 Worst: 0.084

0     0.478 [6, 258, 110, 71.01, 3, 2379, 16.50, 20]
7     0.397 [6.91, 366.42, 110, 80.59, 2, 3160, 19.60, 30]
27    0.267 [4.49, 198.00, 110, 78.19, 3, 2542, 17.50, 30]
75    0.246 [4.18, 306.25, 110, 75.06, 2, 2220, 16.90, 30]
90    0.234 [4.49, 71.02, 110, 77.59, 3, 1945, 16.80, 30]
92    0.084 [4.82, 71.02, 110, 78.56, 2, 1985, 21.50, 40]
Avg: 0.284 Std: 0.016 Best: 0.478 Worst: 0.084

0     0.267 [4.10, 169.59, 120, 81, 3, 2542, 17.50, 30]
23    0.248 [6.49, 93.95, 120, 71.64, 3, 2288, 17, 30]
42    0.212 [4.08, 95.06, 120, 78.91, 1, 2380, 20.70, 30]
75    0.143 [4.96, 90.93, 120, 81.36, 2, 1835, 17.30, 40]
586   0.084 [4.58, 96.29, 120, 78.00, 2, 1985, 21.50, 40]
Avg: 0.190 Std: 0.005 Best: 0.267 Worst: 0.084

35    0.212 [5.26, 75.37, 78, 78.91, 1, 1875, 16.40, 40]
50    0.212 [4.63, 198.27, 78, 81.36, 1, 2380, 20.70, 30]
234   0.143 [4.23, 85.13, 78, 80.46, 2, 1835, 17.30, 40]
3526  0.084 [4.04, 87.93, 78, 77.01, 2, 1985, 21.50, 40]
Avg: 0.163 Std: 0.003 Best: 0.212 Worst: 0.084

